li = [3.2, 7, 12.5, 19.5, 28.12];
ds = [0.078, 0.105, 0.12, 0.15, 0.18];
Hs = [16:0.5:20];
    
vhai = 1.5;
vfeng = 36;
Thai = 374 * vhai * vhai * (50 * 0.001);
g = 9.8;
    
G = 10*g;
G0 = 1000 * g;
G2 = 100 * g;
ffu = 1.025 * 1000 * g * pi * 25 * 25 * 0.001 * 0.001;
T1hai = 374 * vhai * vhai * (30 * 0.01);

w = 0.8694;    
    
P = w*li(1)*g;  %\\\\\\\\\\\\\\\\\

% sitas = zeros(1,1000);
% Ts = zeros(1,1000);
% sita(1) = 0;
% Ts(1) = 0;
% while (f)
%     
% end
